[gd_scene load_steps=26 format=3 uid="uid://bxt21hy1pwils"]

[ext_resource type="PackedScene" uid="uid://018pp3isds4w" path="res://cenas/cenario_3.tscn" id="1_wcl7g"]
[ext_resource type="Material" uid="uid://s3rgs812u4bh" path="res://textures/grass_material.tres" id="2_q1ymh"]
[ext_resource type="Texture2D" uid="uid://d3cupxftatc2v" path="res://textures/grass_tiles.png" id="3_xkuj7"]
[ext_resource type="Material" uid="uid://3mry6k0h0i1r" path="res://textures/stone_material.tres" id="4_qwd57"]
[ext_resource type="Material" uid="uid://bki7wpo2b3vgu" path="res://textures/dark_stone_material.tres" id="5_jolkj"]
[ext_resource type="Texture2D" uid="uid://yurhixrkl37q" path="res://imgs_cenario/arvore_a.png" id="6_2jvp7"]
[ext_resource type="Texture2D" uid="uid://b5dvywcdovtnt" path="res://imgs_cenario/prop_sprites.png" id="7_dpcrc"]
[ext_resource type="Script" uid="uid://c1fnehdg6orv4" path="res://cenas/Inimigos/spawner_ondas.gd" id="8_qwd57"]
[ext_resource type="PackedScene" uid="uid://b0v0psqtjub76" path="res://cenas/cartas/drop_carta/carta_drop.tscn" id="9_jolkj"]
[ext_resource type="PackedScene" uid="uid://dsgvv52lpnb4q" path="res://cenas/Inimigos/cogumelo/slime_inimigo.tscn" id="10_2jvp7"]
[ext_resource type="PackedScene" uid="uid://bmm8onkc5npky" path="res://cenas/niveis/transicao_niveis.tscn" id="11_jolkj"]

[sub_resource type="NavigationMesh" id="NavigationMesh_coakk"]
vertices = PackedVector3Array(5.5, 0.5350723, -2.25, 6.5, 0.5350723, -2.5, 6.5, 0.36507225, -5.5, -11.5, 0.36507225, -5.5, -10.083333, 0.36507225, -5.2291665, -8.666666, 0.5350723, -4.958333, 6.5, 0.5350723, -4.5, 4.515049, 0.5350723, -4.481051, 5.25, 0.5350723, 4.5, 5.5, 0.5350723, -0.75, -11.5, 0.5350723, 4.75, -11.5, 0.5350723, -4.035714, 7.75, 0.5350723, -2.25, 10.5, 0.36507225, -5.5, 9.583334, 0.5350723, -4.416667, 7.4750004, 0.5350723, -4.525, 7.25, 0.5350723, -0.25, 10.5, 0.36507225, 4.5, 7.75, 0.5350723, -0.75, 9.1875, 0.5350723, 4.5, 9.8125, 0.5350723, 3.1875, 5.75, 0.5350723, -0.25, 14.5, 1.8650723, -3.25, 15.5, 1.8650723, -3.5, 15.5, 1.8650723, -4.5, 11.5, 1.8650723, -4.5, 11.5, 1.8650723, -3.5, 13.75, 1.8650723, -3.25, 13.75, 1.8650723, 0.5, 14.5, 1.8650723, 0.5, 11.5, 2.3650723, -2.5, 11.5, 2.3650723, 3.75, 12.75, 2.3650723, 3.75, 12.75, 2.3650723, -2.5, 14.5, 2.3650723, 1.5, 14.5, 2.3650723, 3.75, 15.5, 2.3650723, 3.75, 15.5, 2.3650723, 1.25)
polygons = [PackedInt32Array(2, 4, 3), PackedInt32Array(4, 2, 5), PackedInt32Array(5, 7, 0), PackedInt32Array(0, 6, 1), PackedInt32Array(6, 7, 2), PackedInt32Array(2, 7, 5), PackedInt32Array(7, 6, 0), PackedInt32Array(3, 4, 11), PackedInt32Array(11, 4, 5), PackedInt32Array(11, 5, 10), PackedInt32Array(10, 5, 0), PackedInt32Array(10, 0, 9), PackedInt32Array(10, 9, 8), PackedInt32Array(14, 15, 13), PackedInt32Array(13, 15, 2), PackedInt32Array(2, 15, 6), PackedInt32Array(6, 15, 1), PackedInt32Array(1, 15, 12), PackedInt32Array(12, 15, 14), PackedInt32Array(17, 19, 20), PackedInt32Array(20, 19, 8), PackedInt32Array(20, 8, 16), PackedInt32Array(20, 16, 18), PackedInt32Array(8, 9, 21), PackedInt32Array(8, 21, 16), PackedInt32Array(12, 14, 18), PackedInt32Array(18, 14, 13), PackedInt32Array(18, 13, 20), PackedInt32Array(20, 13, 17), PackedInt32Array(22, 27, 23), PackedInt32Array(23, 27, 24), PackedInt32Array(24, 27, 26), PackedInt32Array(24, 26, 25), PackedInt32Array(22, 29, 27), PackedInt32Array(27, 29, 28), PackedInt32Array(33, 32, 30), PackedInt32Array(30, 32, 31), PackedInt32Array(35, 34, 36), PackedInt32Array(36, 34, 37)]
cell_height = 0.01

[sub_resource type="BoxMesh" id="BoxMesh_mosa7"]
material = ExtResource("2_q1ymh")

[sub_resource type="BoxShape3D" id="BoxShape3D_45lkh"]

[sub_resource type="BoxMesh" id="BoxMesh_hmui4"]
material = ExtResource("2_q1ymh")
size = Vector3(1, 0.5, 1)

[sub_resource type="BoxShape3D" id="BoxShape3D_qw7s0"]
size = Vector3(1, 0.5, 1)

[sub_resource type="BoxMesh" id="BoxMesh_6rr2n"]
material = ExtResource("4_qwd57")

[sub_resource type="BoxShape3D" id="BoxShape3D_oq2fh"]

[sub_resource type="BoxMesh" id="BoxMesh_187te"]
material = ExtResource("4_qwd57")
size = Vector3(1, 0.5, 1)

[sub_resource type="BoxShape3D" id="BoxShape3D_4f413"]
size = Vector3(1, 0.5, 1)

[sub_resource type="BoxMesh" id="BoxMesh_hqryx"]
material = ExtResource("5_jolkj")

[sub_resource type="BoxShape3D" id="BoxShape3D_6h8ig"]

[sub_resource type="BoxMesh" id="BoxMesh_xrki0"]
material = ExtResource("5_jolkj")
size = Vector3(1, 0.5, 1)

[sub_resource type="BoxShape3D" id="BoxShape3D_u5a1u"]
size = Vector3(1, 0.5, 1)

[sub_resource type="MeshLibrary" id="MeshLibrary_iv2aw"]
resource_local_to_scene = true
item/0/name = "grass block"
item/0/mesh = SubResource("BoxMesh_mosa7")
item/0/mesh_transform = Transform3D(1, 0, 0, 0, 1, 0, 0, 0, 1, 0, 0, 0)
item/0/mesh_cast_shadow = 1
item/0/shapes = [SubResource("BoxShape3D_45lkh"), Transform3D(1, 0, 0, 0, 1, 0, 0, 0, 1, 0, 0, 0)]
item/0/navigation_mesh_transform = Transform3D(1, 0, 0, 0, 1, 0, 0, 0, 1, 0, 0, 0)
item/0/navigation_layers = 1
item/0/preview = ExtResource("3_xkuj7")
item/1/name = "grass half bottom"
item/1/mesh = SubResource("BoxMesh_hmui4")
item/1/mesh_transform = Transform3D(1, 0, 0, 0, 1, 0, 0, 0, 1, 0, -0.25, 0)
item/1/mesh_cast_shadow = 1
item/1/shapes = [SubResource("BoxShape3D_qw7s0"), Transform3D(1, 0, 0, 0, 1, 0, 0, 0, 1, 0, -0.25, 0)]
item/1/navigation_mesh_transform = Transform3D(1, 0, 0, 0, 1, 0, 0, 0, 1, 0, 0, 0)
item/1/navigation_layers = 1
item/2/name = "stone block"
item/2/mesh = SubResource("BoxMesh_6rr2n")
item/2/mesh_transform = Transform3D(1, 0, 0, 0, 1, 0, 0, 0, 1, 0, 0, 0)
item/2/mesh_cast_shadow = 1
item/2/shapes = [SubResource("BoxShape3D_oq2fh"), Transform3D(1, 0, 0, 0, 1, 0, 0, 0, 1, 0, 0, 0)]
item/2/navigation_mesh_transform = Transform3D(1, 0, 0, 0, 1, 0, 0, 0, 1, 0, 0, 0)
item/2/navigation_layers = 1
item/3/name = "stone half bottom"
item/3/mesh = SubResource("BoxMesh_187te")
item/3/mesh_transform = Transform3D(1, 0, 0, 0, 1, 0, 0, 0, 1, 0, -0.25, 0)
item/3/mesh_cast_shadow = 1
item/3/shapes = [SubResource("BoxShape3D_4f413"), Transform3D(1, 0, 0, 0, 1, 0, 0, 0, 1, 0, -0.25, 0)]
item/3/navigation_mesh_transform = Transform3D(1, 0, 0, 0, 1, 0, 0, 0, 1, 0, 0, 0)
item/3/navigation_layers = 1
item/4/name = "dark stone block"
item/4/mesh = SubResource("BoxMesh_hqryx")
item/4/mesh_transform = Transform3D(1, 0, 0, 0, 1, 0, 0, 0, 1, 0, 0, 0)
item/4/mesh_cast_shadow = 1
item/4/shapes = [SubResource("BoxShape3D_6h8ig"), Transform3D(1, 0, 0, 0, 1, 0, 0, 0, 1, 0, 0, 0)]
item/4/navigation_mesh_transform = Transform3D(1, 0, 0, 0, 1, 0, 0, 0, 1, 0, 0, 0)
item/4/navigation_layers = 1
item/5/name = "dark stone half bottom"
item/5/mesh = SubResource("BoxMesh_xrki0")
item/5/mesh_transform = Transform3D(1, 0, 0, 0, 1, 0, 0, 0, 1, 0, -0.25, 0)
item/5/mesh_cast_shadow = 1
item/5/shapes = [SubResource("BoxShape3D_u5a1u"), Transform3D(1, 0, 0, 0, 1, 0, 0, 0, 1, 0, -0.25, 0)]
item/5/navigation_mesh_transform = Transform3D(1, 0, 0, 0, 1, 0, 0, 0, 1, 0, 0, 0)
item/5/navigation_layers = 1

[node name="cenario_toturial" type="Node3D"]

[node name="NavigationRegion3D" type="NavigationRegion3D" parent="."]
navigation_mesh = SubResource("NavigationMesh_coakk")

[node name="cenario_3" parent="NavigationRegion3D" instance=ExtResource("1_wcl7g")]
transform = Transform3D(1, 0, 0, 0, 1, 0, 0, 0, 1, 0, -1.154928, 0)

[node name="GridMap" parent="NavigationRegion3D/cenario_3" index="0"]
mesh_library = SubResource("MeshLibrary_iv2aw")
bake_navigation = true

[node name="StaticBody3D" parent="NavigationRegion3D/cenario_3/GridMap" index="0"]
transform = Transform3D(1, 0, 0, 0, 1, 0, 0, 0, 1, 0, 1.6192086, 0)

[node name="CollisionShape3D" parent="NavigationRegion3D/cenario_3/GridMap/StaticBody3D" index="0"]
transform = Transform3D(20, 0, 0, 0, 1, 0, 0, 0, 10, -0.8635125, -0.518647, 0)

[node name="Sprite3D" parent="NavigationRegion3D/cenario_3/GridMap/arvores" index="0"]
transform = Transform3D(1, 0, 0, 0, 0.9678103, -0.25168088, 0, 0.25168088, 0.9678103, 1.4290771, 0.531885, -1.1134423)
texture_filter = 0

[node name="Sprite3D2" type="Sprite3D" parent="NavigationRegion3D/cenario_3/GridMap/arvores" index="1"]
transform = Transform3D(1, 0, 0, 0, 0.9678103, -0.25168088, 0, 0.25168088, 0.9678103, -10.250514, 0.531885, -1.1134423)
alpha_cut = 2
texture_filter = 0
texture = ExtResource("6_2jvp7")

[node name="Sprite3D3" type="Sprite3D" parent="NavigationRegion3D/cenario_3/GridMap/arvores" index="2"]
transform = Transform3D(1, 0, 0, 0, 0.9678103, -0.25168088, 0, 0.25168088, 0.9678103, -10.250514, 0.531885, -2.1685872)
alpha_cut = 2
texture_filter = 0
texture = ExtResource("6_2jvp7")

[node name="Sprite3D4" type="Sprite3D" parent="NavigationRegion3D/cenario_3/GridMap/arvores" index="3"]
transform = Transform3D(1, 0, 0, 0, 0.9678103, -0.25168088, 0, 0.25168088, 0.9678103, -10.250514, 0.531885, -3.223731)
alpha_cut = 2
texture_filter = 0
texture = ExtResource("6_2jvp7")

[node name="Sprite3D5" type="Sprite3D" parent="NavigationRegion3D/cenario_3/GridMap/arvores" index="4"]
transform = Transform3D(1, 0, 0, 0, 0.9678103, -0.25168088, 0, 0.25168088, 0.9678103, -10.250514, 0.531885, -4.4054923)
alpha_cut = 2
texture_filter = 0
texture = ExtResource("6_2jvp7")

[node name="Sprite3D6" type="Sprite3D" parent="NavigationRegion3D/cenario_3/GridMap/arvores" index="5"]
transform = Transform3D(1, 0, 0, 0, 0.9678103, -0.25168088, 0, 0.25168088, 0.9678103, -10.250514, 0.531885, 0.068318844)
alpha_cut = 2
texture_filter = 0
texture = ExtResource("6_2jvp7")

[node name="Sprite3D7" type="Sprite3D" parent="NavigationRegion3D/cenario_3/GridMap/arvores" index="6"]
transform = Transform3D(1, 0, 0, 0, 0.9678103, -0.25168088, 0, 0.25168088, 0.9678103, -10.250514, 0.531885, 1.5455203)
alpha_cut = 2
texture_filter = 0
texture = ExtResource("6_2jvp7")

[node name="Sprite3D8" type="Sprite3D" parent="NavigationRegion3D/cenario_3/GridMap/arvores" index="7"]
transform = Transform3D(1, 0, 0, 0, 0.9678103, -0.25168088, 0, 0.25168088, 0.9678103, -10.250514, 0.531885, 2.5584593)
alpha_cut = 2
texture_filter = 0
texture = ExtResource("6_2jvp7")

[node name="Sprite3D9" type="Sprite3D" parent="NavigationRegion3D/cenario_3/GridMap/arvores" index="8"]
transform = Transform3D(1, 0, 0, 0, 0.9678103, -0.25168088, 0, 0.25168088, 0.9678103, -10.250514, 0.531885, 3.613603)
alpha_cut = 2
texture_filter = 0
texture = ExtResource("6_2jvp7")

[node name="Sprite3D10" type="Sprite3D" parent="NavigationRegion3D/cenario_3/GridMap/arvores" index="9"]
transform = Transform3D(1, 0, 0, 0, 0.9678103, -0.25168088, 0, 0.25168088, 0.9678103, -9.321986, 0.531885, 3.5713973)
alpha_cut = 2
texture_filter = 0
texture = ExtResource("6_2jvp7")

[node name="Sprite3D11" type="Sprite3D" parent="NavigationRegion3D/cenario_3/GridMap/arvores" index="10"]
transform = Transform3D(1, 0, 0, 0, 0.9678103, -0.25168088, 0, 0.25168088, 0.9678103, -9.321986, 0.531885, 2.5162535)
alpha_cut = 2
texture_filter = 0
texture = ExtResource("6_2jvp7")

[node name="Sprite3D12" type="Sprite3D" parent="NavigationRegion3D/cenario_3/GridMap/arvores" index="11"]
transform = Transform3D(1, 0, 0, 0, 0.9678103, -0.25168088, 0, 0.25168088, 0.9678103, -9.321986, 0.531885, 1.6299319)
alpha_cut = 2
texture_filter = 0
texture = ExtResource("6_2jvp7")

[node name="Sprite3D41" type="Sprite3D" parent="NavigationRegion3D/cenario_3/GridMap/arvores" index="12"]
transform = Transform3D(1, 0, 0, 0, 0.9678103, -0.25168088, 0, 0.25168088, 0.9678103, -7.59155, 0.531885, 1.6299319)
alpha_cut = 2
texture_filter = 0
texture = ExtResource("6_2jvp7")

[node name="Sprite3D62" type="Sprite3D" parent="NavigationRegion3D/cenario_3/GridMap/arvores" index="13"]
transform = Transform3D(1, 0, 0, 0, 0.9678103, -0.25168088, 0, 0.25168088, 0.9678103, -6.4941998, 0.531885, 1.5455203)
alpha_cut = 2
texture_filter = 0
texture = ExtResource("6_2jvp7")

[node name="Sprite3D13" type="Sprite3D" parent="NavigationRegion3D/cenario_3/GridMap/arvores" index="14"]
transform = Transform3D(1, 0, 0, 0, 0.9678103, -0.25168088, 0, 0.25168088, 0.9678103, -9.321986, 0.531885, 0.06831837)
alpha_cut = 2
texture_filter = 0
texture = ExtResource("6_2jvp7")

[node name="Sprite3D14" type="Sprite3D" parent="NavigationRegion3D/cenario_3/GridMap/arvores" index="15"]
transform = Transform3D(1, 0, 0, 0, 0.9678103, -0.25168088, 0, 0.25168088, 0.9678103, -9.321986, 0.531885, 0.87022877)
alpha_cut = 2
texture_filter = 0
texture = ExtResource("6_2jvp7")

[node name="Sprite3D15" type="Sprite3D" parent="NavigationRegion3D/cenario_3/GridMap/arvores" index="16"]
transform = Transform3D(1, 0, 0, 0, 0.9678103, -0.25168088, 0, 0.25168088, 0.9678103, -10.250513, 0.531885, 0.87022877)
alpha_cut = 2
texture_filter = 0
texture = ExtResource("6_2jvp7")

[node name="Sprite3D16" type="Sprite3D" parent="NavigationRegion3D/cenario_3/GridMap/arvores" index="17"]
transform = Transform3D(1, 0, 0, 0, 0.9678103, -0.25168088, 0, 0.25168088, 0.9678103, -9.27978, 0.531885, -0.9868252)
alpha_cut = 2
texture_filter = 0
texture = ExtResource("6_2jvp7")

[node name="Sprite3D17" type="Sprite3D" parent="NavigationRegion3D/cenario_3/GridMap/arvores" index="18"]
transform = Transform3D(1, 0, 0, 0, 0.9678103, -0.25168088, 0, 0.25168088, 0.9678103, -9.27978, 0.531885, -2.1263819)
alpha_cut = 2
texture_filter = 0
texture = ExtResource("6_2jvp7")

[node name="Sprite3D18" type="Sprite3D" parent="NavigationRegion3D/cenario_3/GridMap/arvores" index="19"]
transform = Transform3D(1, 0, 0, 0, 0.9678103, -0.25168088, 0, 0.25168088, 0.9678103, -9.27978, 0.531885, -3.1263819)
alpha_cut = 2
texture_filter = 0
texture = ExtResource("6_2jvp7")

[node name="Sprite3D19" type="Sprite3D" parent="NavigationRegion3D/cenario_3/GridMap/arvores" index="20"]
transform = Transform3D(1, 0, 0, 0, 0.9678103, -0.25168088, 0, 0.25168088, 0.9678103, -9.27978, 0.531885, -4.4347615)
alpha_cut = 2
texture_filter = 0
texture = ExtResource("6_2jvp7")

[node name="Sprite3D20" type="Sprite3D" parent="NavigationRegion3D/cenario_3/GridMap/arvores" index="21"]
transform = Transform3D(1, 0, 0, 0, 0.9678103, -0.25168088, 0, 0.25168088, 0.9678103, -7.6337557, 0.531885, -4.4347615)
alpha_cut = 2
texture_filter = 0
texture = ExtResource("6_2jvp7")

[node name="Sprite3D21" type="Sprite3D" parent="NavigationRegion3D/cenario_3/GridMap/arvores" index="22"]
transform = Transform3D(1, 0, 0, 0, 0.9678103, -0.25168088, 0, 0.25168088, 0.9678103, -6.705229, 0.531885, -4.4347615)
alpha_cut = 2
texture_filter = 0
texture = ExtResource("6_2jvp7")

[node name="Sprite3D22" type="Sprite3D" parent="NavigationRegion3D/cenario_3/GridMap/arvores" index="23"]
transform = Transform3D(1, 0, 0, 0, 0.9678103, -0.25168088, 0, 0.25168088, 0.9678103, -5.6078787, 0.531885, -4.4347615)
alpha_cut = 2
texture_filter = 0
texture = ExtResource("6_2jvp7")

[node name="Sprite3D23" type="Sprite3D" parent="NavigationRegion3D/cenario_3/GridMap/arvores" index="24"]
transform = Transform3D(1, 0, 0, 0, 0.9678103, -0.25168088, 0, 0.25168088, 0.9678103, -4.6078787, 0.531885, -4.4347615)
alpha_cut = 2
texture_filter = 0
texture = ExtResource("6_2jvp7")

[node name="Sprite3D24" type="Sprite3D" parent="NavigationRegion3D/cenario_3/GridMap/arvores" index="25"]
transform = Transform3D(1, 0, 0, 0, 0.9678103, -0.25168088, 0, 0.25168088, 0.9678103, -3.5527334, 0.531885, -4.4347615)
alpha_cut = 2
texture_filter = 0
texture = ExtResource("6_2jvp7")

[node name="Sprite3D25" type="Sprite3D" parent="NavigationRegion3D/cenario_3/GridMap/arvores" index="26"]
transform = Transform3D(1, 0, 0, 0, 0.9678103, -0.25168088, 0, 0.25168088, 0.9678103, -3.5527334, 0.531885, -3.1685886)
alpha_cut = 2
texture_filter = 0
texture = ExtResource("6_2jvp7")

[node name="Sprite3D26" type="Sprite3D" parent="NavigationRegion3D/cenario_3/GridMap/arvores" index="27"]
transform = Transform3D(1, 0, 0, 0, 0.9678103, -0.25168088, 0, 0.25168088, 0.9678103, -4.523467, 0.531885, -3.1685886)
alpha_cut = 2
texture_filter = 0
texture = ExtResource("6_2jvp7")

[node name="Sprite3D27" type="Sprite3D" parent="NavigationRegion3D/cenario_3/GridMap/arvores" index="28"]
transform = Transform3D(1, 0, 0, 0, 0.9678103, -0.25168088, 0, 0.25168088, 0.9678103, -5.494199, 0.531885, -3.1685886)
alpha_cut = 2
texture_filter = 0
texture = ExtResource("6_2jvp7")

[node name="Sprite3D28" type="Sprite3D" parent="NavigationRegion3D/cenario_3/GridMap/arvores" index="29"]
transform = Transform3D(1, 0, 0, 0, 0.9678103, -0.25168088, 0, 0.25168088, 0.9678103, -6.591549, 0.531885, -3.1685886)
alpha_cut = 2
texture_filter = 0
texture = ExtResource("6_2jvp7")

[node name="Sprite3D29" type="Sprite3D" parent="NavigationRegion3D/cenario_3/GridMap/arvores" index="30"]
transform = Transform3D(1, 0, 0, 0, 0.9678103, -0.25168088, 0, 0.25168088, 0.9678103, -7.646694, 0.531885, -3.1685886)
alpha_cut = 2
texture_filter = 0
texture = ExtResource("6_2jvp7")

[node name="Sprite3D30" type="Sprite3D" parent="NavigationRegion3D/cenario_3/GridMap/arvores" index="31"]
transform = Transform3D(1, 0, 0, 0, 0.9678103, -0.25168088, 0, 0.25168088, 0.9678103, -7.646694, 0.531885, -2.1134448)
alpha_cut = 2
texture_filter = 0
texture = ExtResource("6_2jvp7")

[node name="Sprite3D31" type="Sprite3D" parent="NavigationRegion3D/cenario_3/GridMap/arvores" index="32"]
transform = Transform3D(1, 0, 0, 0, 0.9678103, -0.25168088, 0, 0.25168088, 0.9678103, -7.646694, 0.531885, -1.1134448)
alpha_cut = 2
texture_filter = 0
texture = ExtResource("6_2jvp7")

[node name="Sprite3D32" type="Sprite3D" parent="NavigationRegion3D/cenario_3/GridMap/arvores" index="33"]
transform = Transform3D(1, 0, 0, 0, 0.9678103, -0.25168088, 0, 0.25168088, 0.9678103, -7.646694, 0.531885, -0.31153607)
alpha_cut = 2
texture_filter = 0
texture = ExtResource("6_2jvp7")

[node name="Sprite3D33" type="Sprite3D" parent="NavigationRegion3D/cenario_3/GridMap/arvores" index="34"]
transform = Transform3D(1, 0, 0, 0, 0.9678103, -0.25168088, 0, 0.25168088, 0.9678103, -7.646694, 0.531885, 0.912431)
alpha_cut = 2
texture_filter = 0
texture = ExtResource("6_2jvp7")

[node name="Sprite3D34" type="Sprite3D" parent="NavigationRegion3D/cenario_3/GridMap/arvores" index="35"]
transform = Transform3D(1, 0, 0, 0, 0.9678103, -0.25168088, 0, 0.25168088, 0.9678103, -7.646694, 0.531885, 2.263015)
alpha_cut = 2
texture_filter = 0
texture = ExtResource("6_2jvp7")

[node name="Sprite3D35" type="Sprite3D" parent="NavigationRegion3D/cenario_3/GridMap/arvores" index="36"]
transform = Transform3D(1, 0, 0, 0, 0.9678103, -0.25168088, 0, 0.25168088, 0.9678103, -7.646694, 0.531885, 3.6558049)
alpha_cut = 2
texture_filter = 0
texture = ExtResource("6_2jvp7")

[node name="Sprite3D36" type="Sprite3D" parent="NavigationRegion3D/cenario_3/GridMap/arvores" index="37"]
transform = Transform3D(1, 0, 0, 0, 0.9678103, -0.25168088, 0, 0.25168088, 0.9678103, -6.380522, 0.531885, 3.6558049)
alpha_cut = 2
texture_filter = 0
texture = ExtResource("6_2jvp7")

[node name="Sprite3D38" type="Sprite3D" parent="NavigationRegion3D/cenario_3/GridMap/arvores" index="38"]
transform = Transform3D(1, 0, 0, 0, 0.9678103, -0.25168088, 0, 0.25168088, 0.9678103, -5.0721426, 0.531885, 3.6558049)
alpha_cut = 2
texture_filter = 0
texture = ExtResource("6_2jvp7")

[node name="Sprite3D39" type="Sprite3D" parent="NavigationRegion3D/cenario_3/GridMap/arvores" index="39"]
transform = Transform3D(1, 0, 0, 0, 0.9678103, -0.25168088, 0, 0.25168088, 0.9678103, -3.9325867, 0.531885, 3.6558049)
alpha_cut = 2
texture_filter = 0
texture = ExtResource("6_2jvp7")

[node name="Sprite3D80" type="Sprite3D" parent="NavigationRegion3D/cenario_3/GridMap/arvores" index="40"]
transform = Transform3D(1, 0, 0, 0, 0.9678103, -0.25168088, 0, 0.25168088, 0.9678103, -2.5745132, 0.531885, 3.6558049)
alpha_cut = 2
texture_filter = 0
texture = ExtResource("6_2jvp7")

[node name="Sprite3D81" type="Sprite3D" parent="NavigationRegion3D/cenario_3/GridMap/arvores" index="41"]
transform = Transform3D(1, 0, 0, 0, 0.9678103, -0.25168088, 0, 0.25168088, 0.9678103, -2.5745132, 0.531885, 2.5501578)
alpha_cut = 2
texture_filter = 0
texture = ExtResource("6_2jvp7")

[node name="Sprite3D82" type="Sprite3D" parent="NavigationRegion3D/cenario_3/GridMap/arvores" index="42"]
transform = Transform3D(1, 0, 0, 0, 0.9678103, -0.25168088, 0, 0.25168088, 0.9678103, -2.5745132, 0.531885, 1.6438284)
alpha_cut = 2
texture_filter = 0
texture = ExtResource("6_2jvp7")

[node name="Sprite3D83" type="Sprite3D" parent="NavigationRegion3D/cenario_3/GridMap/arvores" index="43"]
transform = Transform3D(1, 0, 0, 0, 0.9678103, -0.25168088, 0, 0.25168088, 0.9678103, -2.5745132, 0.531885, 0.358418)
alpha_cut = 2
texture_filter = 0
texture = ExtResource("6_2jvp7")

[node name="Sprite3D84" type="Sprite3D" parent="NavigationRegion3D/cenario_3/GridMap/arvores" index="44"]
transform = Transform3D(1, 0, 0, 0, 0.9678103, -0.25168088, 0, 0.25168088, 0.9678103, -2.5745132, 0.531885, -2.0356092)
alpha_cut = 2
texture_filter = 0
texture = ExtResource("6_2jvp7")

[node name="Sprite3D85" type="Sprite3D" parent="NavigationRegion3D/cenario_3/GridMap/arvores" index="45"]
transform = Transform3D(1, 0, 0, 0, 0.9678103, -0.25168088, 0, 0.25168088, 0.9678103, -2.5745132, 0.531885, -1.0452671)
alpha_cut = 2
texture_filter = 0
texture = ExtResource("6_2jvp7")

[node name="Sprite3D86" type="Sprite3D" parent="NavigationRegion3D/cenario_3/GridMap/arvores" index="46"]
transform = Transform3D(1, 0, 0, 0, 0.9678103, -0.25168088, 0, 0.25168088, 0.9678103, -2.5745132, 0.531885, -4.9748554)
alpha_cut = 2
texture_filter = 0
texture = ExtResource("6_2jvp7")

[node name="Sprite3D87" type="Sprite3D" parent="NavigationRegion3D/cenario_3/GridMap/arvores" index="47"]
transform = Transform3D(1, 0, 0, 0, 0.9678103, -0.25168088, 0, 0.25168088, 0.9678103, -2.5745132, 0.531885, -3.1655612)
alpha_cut = 2
texture_filter = 0
texture = ExtResource("6_2jvp7")

[node name="Sprite3D88" type="Sprite3D" parent="NavigationRegion3D/cenario_3/GridMap/arvores" index="48"]
transform = Transform3D(1, 0, 0, 0, 0.9678103, -0.25168088, 0, 0.25168088, 0.9678103, -1.4367952, 0.531885, -3.1655612)
alpha_cut = 2
texture_filter = 0
texture = ExtResource("6_2jvp7")

[node name="Sprite3D89" type="Sprite3D" parent="NavigationRegion3D/cenario_3/GridMap/arvores" index="49"]
transform = Transform3D(1, 0, 0, 0, 0.9678103, -0.25168088, 0, 0.25168088, 0.9678103, -1.4367952, 0.531885, -4.412554)
alpha_cut = 2
texture_filter = 0
texture = ExtResource("6_2jvp7")

[node name="Sprite3D90" type="Sprite3D" parent="NavigationRegion3D/cenario_3/GridMap/arvores" index="50"]
transform = Transform3D(1, 0, 0, 0, 0.9678103, -0.25168088, 0, 0.25168088, 0.9678103, -1.4367952, 0.531885, -2.1132483)
alpha_cut = 2
texture_filter = 0
texture = ExtResource("6_2jvp7")

[node name="Sprite3D91" type="Sprite3D" parent="NavigationRegion3D/cenario_3/GridMap/arvores" index="51"]
transform = Transform3D(1, 0, 0, 0, 0.9678103, -0.25168088, 0, 0.25168088, 0.9678103, -1.4367952, 0.531885, -1.0863156)
alpha_cut = 2
texture_filter = 0
texture = ExtResource("6_2jvp7")

[node name="Sprite3D92" type="Sprite3D" parent="NavigationRegion3D/cenario_3/GridMap/arvores" index="52"]
transform = Transform3D(1, 0, 0, 0, 0.9678103, -0.25168088, 0, 0.25168088, 0.9678103, -1.4367952, 0.531885, 0.40422428)
alpha_cut = 2
texture_filter = 0
texture = ExtResource("6_2jvp7")

[node name="Sprite3D93" type="Sprite3D" parent="NavigationRegion3D/cenario_3/GridMap/arvores" index="53"]
transform = Transform3D(1, 0, 0, 0, 0.9678103, -0.25168088, 0, 0.25168088, 0.9678103, -1.4367952, 0.531885, 1.66935)
alpha_cut = 2
texture_filter = 0
texture = ExtResource("6_2jvp7")

[node name="Sprite3D94" type="Sprite3D" parent="NavigationRegion3D/cenario_3/GridMap/arvores" index="54"]
transform = Transform3D(1, 0, 0, 0, 0.9678103, -0.25168088, 0, 0.25168088, 0.9678103, -1.4367952, 0.531885, 0.9192039)
alpha_cut = 2
texture_filter = 0
texture = ExtResource("6_2jvp7")

[node name="Sprite3D95" type="Sprite3D" parent="NavigationRegion3D/cenario_3/GridMap/arvores" index="55"]
transform = Transform3D(1, 0, 0, 0, 0.9678103, -0.25168088, 0, 0.25168088, 0.9678103, -1.4367952, 0.531885, 2.5776234)
alpha_cut = 2
texture_filter = 0
texture = ExtResource("6_2jvp7")

[node name="Sprite3D96" type="Sprite3D" parent="NavigationRegion3D/cenario_3/GridMap/arvores" index="56"]
transform = Transform3D(1, 0, 0, 0, 0.9678103, -0.25168088, 0, 0.25168088, 0.9678103, -1.4367952, 0.531885, 3.607769)
alpha_cut = 2
texture_filter = 0
texture = ExtResource("6_2jvp7")

[node name="Sprite3D97" type="Sprite3D" parent="NavigationRegion3D/cenario_3/GridMap/arvores" index="57"]
transform = Transform3D(1, 0, 0, 0, 0.9678103, -0.25168088, 0, 0.25168088, 0.9678103, -0.19801998, 0.531885, 3.607769)
alpha_cut = 2
texture_filter = 0
texture = ExtResource("6_2jvp7")

[node name="Sprite3D98" type="Sprite3D" parent="NavigationRegion3D/cenario_3/GridMap/arvores" index="58"]
transform = Transform3D(1, 0, 0, 0, 0.9678103, -0.25168088, 0, 0.25168088, 0.9678103, -0.19801998, 0.531885, 2.4192019)
alpha_cut = 2
texture_filter = 0
texture = ExtResource("6_2jvp7")

[node name="Sprite3D99" type="Sprite3D" parent="NavigationRegion3D/cenario_3/GridMap/arvores" index="59"]
transform = Transform3D(1, 0, 0, 0, 0.9678103, -0.25168088, 0, 0.25168088, 0.9678103, -0.19801998, 0.531885, 1.3595233)
alpha_cut = 2
texture_filter = 0
texture = ExtResource("6_2jvp7")

[node name="Sprite3D100" type="Sprite3D" parent="NavigationRegion3D/cenario_3/GridMap/arvores" index="60"]
transform = Transform3D(1, 0, 0, 0, 0.9678103, -0.25168088, 0, 0.25168088, 0.9678103, -0.19801998, 0.531885, 0.38974547)
alpha_cut = 2
texture_filter = 0
texture = ExtResource("6_2jvp7")

[node name="Sprite3D101" type="Sprite3D" parent="NavigationRegion3D/cenario_3/GridMap/arvores" index="61"]
transform = Transform3D(1, 0, 0, 0, 0.9678103, -0.25168088, 0, 0.25168088, 0.9678103, -0.19801998, 0.531885, -2.15249)
alpha_cut = 2
texture_filter = 0
texture = ExtResource("6_2jvp7")

[node name="Sprite3D102" type="Sprite3D" parent="NavigationRegion3D/cenario_3/GridMap/arvores" index="62"]
transform = Transform3D(1, 0, 0, 0, 0.9678103, -0.25168088, 0, 0.25168088, 0.9678103, -0.19801998, 0.531885, -3.516863)
alpha_cut = 2
texture_filter = 0
texture = ExtResource("6_2jvp7")

[node name="Sprite3D103" type="Sprite3D" parent="NavigationRegion3D/cenario_3/GridMap/arvores" index="63"]
transform = Transform3D(1, 0, 0, 0, 0.9678103, -0.25168088, 0, 0.25168088, 0.9678103, -0.19801998, 0.531885, -5.0544853)
alpha_cut = 2
texture_filter = 0
texture = ExtResource("6_2jvp7")

[node name="Sprite3D104" type="Sprite3D" parent="NavigationRegion3D/cenario_3/GridMap/arvores" index="64"]
transform = Transform3D(1, 0, 0, 0, 0.9678103, -0.25168088, 0, 0.25168088, 0.9678103, 0.5805061, 0.531885, -5.0544853)
alpha_cut = 2
texture_filter = 0
texture = ExtResource("6_2jvp7")

[node name="Sprite3D40" type="Sprite3D" parent="NavigationRegion3D/cenario_3/GridMap/arvores" index="65"]
transform = Transform3D(1, 0, 0, 0, 0.9678103, -0.25168088, 0, 0.25168088, 0.9678103, -6.507139, 0.531885, 2.389632)
alpha_cut = 2
texture_filter = 0
texture = ExtResource("6_2jvp7")

[node name="Sprite3D42" type="Sprite3D" parent="NavigationRegion3D/cenario_3/GridMap/arvores" index="66"]
transform = Transform3D(1, 0, 0, 0, 0.9678103, -0.25168088, 0, 0.25168088, 0.9678103, -6.507139, 0.531885, -0.45448375)
alpha_cut = 2
texture_filter = 0
texture = ExtResource("6_2jvp7")

[node name="Sprite3D63" type="Sprite3D" parent="NavigationRegion3D/cenario_3/GridMap/arvores" index="67"]
transform = Transform3D(1, 0, 0, 0, 0.9678103, -0.25168088, 0, 0.25168088, 0.9678103, -6.507139, 0.531885, -1.07973)
alpha_cut = 2
texture_filter = 0
texture = ExtResource("6_2jvp7")

[node name="Sprite3D64" type="Sprite3D" parent="NavigationRegion3D/cenario_3/GridMap/arvores" index="68"]
transform = Transform3D(1, 0, 0, 0, 0.9678103, -0.25168088, 0, 0.25168088, 0.9678103, -5.450906, 0.531885, -1.07973)
alpha_cut = 2
texture_filter = 0
texture = ExtResource("6_2jvp7")

[node name="Sprite3D65" type="Sprite3D" parent="NavigationRegion3D/cenario_3/GridMap/arvores" index="69"]
transform = Transform3D(1, 0, 0, 0, 0.9678103, -0.25168088, 0, 0.25168088, 0.9678103, -4.593763, 0.531885, -1.07973)
alpha_cut = 2
texture_filter = 0
texture = ExtResource("6_2jvp7")

[node name="Sprite3D66" type="Sprite3D" parent="NavigationRegion3D/cenario_3/GridMap/arvores" index="70"]
transform = Transform3D(1, 0, 0, 0, 0.9678103, -0.25168088, 0, 0.25168088, 0.9678103, -3.4752092, 0.531885, -1.07973)
alpha_cut = 2
texture_filter = 0
texture = ExtResource("6_2jvp7")

[node name="Sprite3D67" type="Sprite3D" parent="NavigationRegion3D/cenario_3/GridMap/arvores" index="71"]
transform = Transform3D(1, 0, 0, 0, 0.9678103, -0.25168088, 0, 0.25168088, 0.9678103, -3.4752092, 0.531885, 0.27754998)
alpha_cut = 2
texture_filter = 0
texture = ExtResource("6_2jvp7")

[node name="Sprite3D68" type="Sprite3D" parent="NavigationRegion3D/cenario_3/GridMap/arvores" index="72"]
transform = Transform3D(1, 0, 0, 0, 0.9678103, -0.25168088, 0, 0.25168088, 0.9678103, -4.500953, 0.531885, 0.27754998)
alpha_cut = 2
texture_filter = 0
texture = ExtResource("6_2jvp7")

[node name="Sprite3D69" type="Sprite3D" parent="NavigationRegion3D/cenario_3/GridMap/arvores" index="73"]
transform = Transform3D(1, 0, 0, 0, 0.9678103, -0.25168088, 0, 0.25168088, 0.9678103, -5.510996, 0.531885, 0.27754998)
alpha_cut = 2
texture_filter = 0
texture = ExtResource("6_2jvp7")

[node name="Sprite3D70" type="Sprite3D" parent="NavigationRegion3D/cenario_3/GridMap/arvores" index="74"]
transform = Transform3D(1, 0, 0, 0, 0.9678103, -0.25168088, 0, 0.25168088, 0.9678103, -6.4474325, 0.531885, 0.27754998)
alpha_cut = 2
texture_filter = 0
texture = ExtResource("6_2jvp7")

[node name="Sprite3D71" type="Sprite3D" parent="NavigationRegion3D/cenario_3/GridMap/arvores" index="75"]
transform = Transform3D(1, 0, 0, 0, 0.9678103, -0.25168088, 0, 0.25168088, 0.9678103, -7.644756, 0.531885, 0.27754998)
alpha_cut = 2
texture_filter = 0
texture = ExtResource("6_2jvp7")

[node name="Sprite3D72" type="Sprite3D" parent="NavigationRegion3D/cenario_3/GridMap/arvores" index="76"]
transform = Transform3D(1, 0, 0, 0, 0.9678103, -0.25168088, 0, 0.25168088, 0.9678103, -8.567547, 0.531885, 0.27754998)
alpha_cut = 2
texture_filter = 0
texture = ExtResource("6_2jvp7")

[node name="Sprite3D73" type="Sprite3D" parent="NavigationRegion3D/cenario_3/GridMap/arvores" index="77"]
transform = Transform3D(1, 0, 0, 0, 0.9678103, -0.25168088, 0, 0.25168088, 0.9678103, -8.567547, 0.531885, 1.7394917)
alpha_cut = 2
texture_filter = 0
texture = ExtResource("6_2jvp7")

[node name="Sprite3D74" type="Sprite3D" parent="NavigationRegion3D/cenario_3/GridMap/arvores" index="78"]
transform = Transform3D(1, 0, 0, 0, 0.9678103, -0.25168088, 0, 0.25168088, 0.9678103, -8.567547, 0.531885, 3.4748433)
alpha_cut = 2
texture_filter = 0
texture = ExtResource("6_2jvp7")

[node name="Sprite3D75" type="Sprite3D" parent="NavigationRegion3D/cenario_3/GridMap/arvores" index="79"]
transform = Transform3D(1, 0, 0, 0, 0.9678103, -0.25168088, 0, 0.25168088, 0.9678103, -8.567547, 0.531885, -0.99644446)
alpha_cut = 2
texture_filter = 0
texture = ExtResource("6_2jvp7")

[node name="Sprite3D76" type="Sprite3D" parent="NavigationRegion3D/cenario_3/GridMap/arvores" index="80"]
transform = Transform3D(1, 0, 0, 0, 0.9678103, -0.25168088, 0, 0.25168088, 0.9678103, -8.567547, 0.531885, -2.292957)
alpha_cut = 2
texture_filter = 0
texture = ExtResource("6_2jvp7")

[node name="Sprite3D77" type="Sprite3D" parent="NavigationRegion3D/cenario_3/GridMap/arvores" index="81"]
transform = Transform3D(1, 0, 0, 0, 0.9678103, -0.25168088, 0, 0.25168088, 0.9678103, -8.567547, 0.531885, -3.3284967)
alpha_cut = 2
texture_filter = 0
texture = ExtResource("6_2jvp7")

[node name="Sprite3D78" type="Sprite3D" parent="NavigationRegion3D/cenario_3/GridMap/arvores" index="82"]
transform = Transform3D(1, 0, 0, 0, 0.9678103, -0.25168088, 0, 0.25168088, 0.9678103, -8.567547, 0.531885, -4.5117483)
alpha_cut = 2
texture_filter = 0
texture = ExtResource("6_2jvp7")

[node name="Sprite3D79" type="Sprite3D" parent="NavigationRegion3D/cenario_3/GridMap/arvores" index="83"]
transform = Transform3D(1, 0, 0, 0, 0.9678103, -0.25168088, 0, 0.25168088, 0.9678103, -8.567547, 0.531885, 2.698823)
alpha_cut = 2
texture_filter = 0
texture = ExtResource("6_2jvp7")

[node name="Sprite3D45" type="Sprite3D" parent="NavigationRegion3D/cenario_3/GridMap/arvores" index="84"]
transform = Transform3D(1, 0, 0, 0, 0.9678103, -0.25168088, 0, 0.25168088, 0.9678103, -6.507139, 0.531885, 0.85389495)
alpha_cut = 2
texture_filter = 0
texture = ExtResource("6_2jvp7")

[node name="Sprite3D46" type="Sprite3D" parent="NavigationRegion3D/cenario_3/GridMap/arvores" index="85"]
transform = Transform3D(1, 0, 0, 0, 0.9678103, -0.25168088, 0, 0.25168088, 0.9678103, -5.5364065, 0.531885, 0.85389495)
alpha_cut = 2
texture_filter = 0
texture = ExtResource("6_2jvp7")

[node name="Sprite3D47" type="Sprite3D" parent="NavigationRegion3D/cenario_3/GridMap/arvores" index="86"]
transform = Transform3D(1, 0, 0, 0, 0.9678103, -0.25168088, 0, 0.25168088, 0.9678103, -4.523469, 0.531885, 0.85389495)
alpha_cut = 2
texture_filter = 0
texture = ExtResource("6_2jvp7")

[node name="Sprite3D48" type="Sprite3D" parent="NavigationRegion3D/cenario_3/GridMap/arvores" index="87"]
transform = Transform3D(1, 0, 0, 0, 0.9678103, -0.25168088, 0, 0.25168088, 0.9678103, -3.6793537, 0.531885, 0.85389495)
alpha_cut = 2
texture_filter = 0
texture = ExtResource("6_2jvp7")

[node name="Sprite3D49" type="Sprite3D" parent="NavigationRegion3D/cenario_3/GridMap/arvores" index="88"]
transform = Transform3D(1, 0, 0, 0, 0.9678103, -0.25168088, 0, 0.25168088, 0.9678103, -3.6793537, 0.531885, 2.4999201)
alpha_cut = 2
texture_filter = 0
texture = ExtResource("6_2jvp7")

[node name="Sprite3D50" type="Sprite3D" parent="NavigationRegion3D/cenario_3/GridMap/arvores" index="89"]
transform = Transform3D(1, 0, 0, 0, 0.9678103, -0.25168088, 0, 0.25168088, 0.9678103, -3.6793537, 0.531885, 1.6558039)
alpha_cut = 2
texture_filter = 0
texture = ExtResource("6_2jvp7")

[node name="Sprite3D51" type="Sprite3D" parent="NavigationRegion3D/cenario_3/GridMap/arvores" index="90"]
transform = Transform3D(1, 0, 0, 0, 0.9678103, -0.25168088, 0, 0.25168088, 0.9678103, -4.481264, 0.531885, 1.6558039)
alpha_cut = 2
texture_filter = 0
texture = ExtResource("6_2jvp7")

[node name="Sprite3D52" type="Sprite3D" parent="NavigationRegion3D/cenario_3/GridMap/arvores" index="91"]
transform = Transform3D(1, 0, 0, 0, 0.9678103, -0.25168088, 0, 0.25168088, 0.9678103, -5.62082, 0.531885, 1.6558039)
alpha_cut = 2
texture_filter = 0
texture = ExtResource("6_2jvp7")

[node name="Sprite3D53" type="Sprite3D" parent="NavigationRegion3D/cenario_3/GridMap/arvores" index="92"]
transform = Transform3D(1, 0, 0, 0, 0.9678103, -0.25168088, 0, 0.25168088, 0.9678103, -4.6500864, 0.531885, 2.415507)
alpha_cut = 2
texture_filter = 0
texture = ExtResource("6_2jvp7")

[node name="Sprite3D54" type="Sprite3D" parent="NavigationRegion3D/cenario_3/GridMap/arvores" index="93"]
transform = Transform3D(1, 0, 0, 0, 0.9678103, -0.25168088, 0, 0.25168088, 0.9678103, -5.40979, 0.531885, 2.415507)
alpha_cut = 2
texture_filter = 0
texture = ExtResource("6_2jvp7")

[node name="Sprite3D55" type="Sprite3D" parent="NavigationRegion3D/cenario_3/GridMap/arvores" index="94"]
transform = Transform3D(1, 0, 0, 0, 0.9678103, -0.25168088, 0, 0.25168088, 0.9678103, -5.40979, 0.531885, -0.5388968)
alpha_cut = 2
texture_filter = 0
texture = ExtResource("6_2jvp7")

[node name="Sprite3D56" type="Sprite3D" parent="NavigationRegion3D/cenario_3/GridMap/arvores" index="95"]
transform = Transform3D(1, 0, 0, 0, 0.9678103, -0.25168088, 0, 0.25168088, 0.9678103, -5.40979, 0.531885, -1.9316885)
alpha_cut = 2
texture_filter = 0
texture = ExtResource("6_2jvp7")

[node name="Sprite3D57" type="Sprite3D" parent="NavigationRegion3D/cenario_3/GridMap/arvores" index="96"]
transform = Transform3D(1, 0, 0, 0, 0.9678103, -0.25168088, 0, 0.25168088, 0.9678103, -4.6078806, 0.531885, -1.9316885)
alpha_cut = 2
texture_filter = 0
texture = ExtResource("6_2jvp7")

[node name="Sprite3D58" type="Sprite3D" parent="NavigationRegion3D/cenario_3/GridMap/arvores" index="97"]
transform = Transform3D(1, 0, 0, 0, 0.9678103, -0.25168088, 0, 0.25168088, 0.9678103, -3.5527353, 0.531885, -1.9316885)
alpha_cut = 2
texture_filter = 0
texture = ExtResource("6_2jvp7")

[node name="Sprite3D59" type="Sprite3D" parent="NavigationRegion3D/cenario_3/GridMap/arvores" index="98"]
transform = Transform3D(1, 0, 0, 0, 0.9678103, -0.25168088, 0, 0.25168088, 0.9678103, -3.5527353, 0.531885, -0.4544866)
alpha_cut = 2
texture_filter = 0
texture = ExtResource("6_2jvp7")

[node name="Sprite3D60" type="Sprite3D" parent="NavigationRegion3D/cenario_3/GridMap/arvores" index="99"]
transform = Transform3D(1, 0, 0, 0, 0.9678103, -0.25168088, 0, 0.25168088, 0.9678103, -4.523467, 0.531885, -0.62330985)
alpha_cut = 2
texture_filter = 0
texture = ExtResource("6_2jvp7")

[node name="Sprite3D61" type="Sprite3D" parent="NavigationRegion3D/cenario_3/GridMap/arvores" index="100"]
transform = Transform3D(1, 0, 0, 0, 0.9678103, -0.25168088, 0, 0.25168088, 0.9678103, -4.523467, 0.531885, -0.62330985)
alpha_cut = 2
texture_filter = 0
texture = ExtResource("6_2jvp7")

[node name="Sprite3D43" type="Sprite3D" parent="NavigationRegion3D/cenario_3/GridMap/arvores" index="101"]
transform = Transform3D(1, 0, 0, 0, 0.9678103, -0.25168088, 0, 0.25168088, 0.9678103, -6.507139, 0.531885, -2.1005087)
alpha_cut = 2
texture_filter = 0
texture = ExtResource("6_2jvp7")

[node name="Sprite3D44" type="Sprite3D" parent="NavigationRegion3D/cenario_3/GridMap/arvores" index="102"]
transform = Transform3D(1, 0, 0, 0, 0.9678103, -0.25168088, 0, 0.25168088, 0.9678103, -6.507139, 0.531885, 5.834177)
alpha_cut = 2
texture_filter = 0
texture = ExtResource("6_2jvp7")

[node name="Sprite3D37" type="Sprite3D" parent="NavigationRegion3D/cenario_3/GridMap/arvores" index="103"]
alpha_cut = 2
texture_filter = 0
texture = ExtResource("6_2jvp7")

[node name="arbustos" type="Node" parent="NavigationRegion3D/cenario_3/GridMap" index="2"]

[node name="Sprite3D" type="Sprite3D" parent="NavigationRegion3D/cenario_3/GridMap/arbustos"]
transform = Transform3D(1, 0, 0, 0, 1, 0, 0, 0, 1, 0, 0.3987412, 0)
alpha_cut = 2
texture_filter = 0
texture = ExtResource("7_dpcrc")
hframes = 2
vframes = 3

[node name="Sprite3D2" type="Sprite3D" parent="NavigationRegion3D/cenario_3/GridMap/arbustos"]
transform = Transform3D(1, 0, 0, 0, 1, 0, 0, 0, 1, 1.4178293, 0.3987412, 0)
alpha_cut = 2
texture_filter = 0
texture = ExtResource("7_dpcrc")
hframes = 2
vframes = 3

[node name="Sprite3D3" type="Sprite3D" parent="NavigationRegion3D/cenario_3/GridMap/arbustos"]
transform = Transform3D(1, 0, 0, 0, 1, 0, 0, 0, 1, -1.6341114, 0.3987412, -1.1370661)
alpha_cut = 2
texture_filter = 0
texture = ExtResource("7_dpcrc")
hframes = 2
vframes = 3

[node name="Sprite3D4" type="Sprite3D" parent="NavigationRegion3D/cenario_3/GridMap/arbustos"]
transform = Transform3D(1, 0, 0, 0, 1, 0, 0, 0, 1, -2.6545854, 0.3987412, -0.53552556)
alpha_cut = 2
texture_filter = 0
texture = ExtResource("7_dpcrc")
hframes = 2
vframes = 3

[node name="Sprite3D5" type="Sprite3D" parent="NavigationRegion3D/cenario_3/GridMap/arbustos"]
transform = Transform3D(1, 0, 0, 0, 1, 0, 0, 0, 1, -0.6158025, 0.3987412, -1.5367477)
alpha_cut = 2
texture_filter = 0
texture = ExtResource("7_dpcrc")
hframes = 2
vframes = 3

[node name="Sprite3D6" type="Sprite3D" parent="NavigationRegion3D/cenario_3/GridMap/arbustos"]
transform = Transform3D(1, 0, 0, 0, 1, 0, 0, 0, 1, 1.3617952, 0.3987412, -1.5367477)
alpha_cut = 2
texture_filter = 0
texture = ExtResource("7_dpcrc")
hframes = 2
vframes = 3

[node name="Sprite3D7" type="Sprite3D" parent="NavigationRegion3D/cenario_3/GridMap/arbustos"]
transform = Transform3D(1, 0, 0, 0, 1, 0, 0, 0, 1, 1.3617952, 0.3987412, -2.699926)
alpha_cut = 2
texture_filter = 0
texture = ExtResource("7_dpcrc")
hframes = 2
vframes = 3

